a 3 7 9 11 15 16 17 18 19 20 21 25
b 1 2 3 4 5 6 10 11 12 13 14 16 20 21 22 23 24 25
c 1 2 3 4 5 6 11 16 21 22 23 24 25
d 1 2 3 4 6 10 11 15 16 20 21 22 23 24
e 1 2 3 4 5 6 11 12 13 14 15 16 21 22 23 24 25
f 1 2 3 4 5 6 11 12 13 14 15 16 21
g 1 2 3 4 5 6 11 14 15 16 20 21 22 23 24 25
h 1 5 6 10 11 12 13 14 15 16 20 21 25
i 2 3 4 8 13 18 22 23 24
j 1 2 3 4 5 10 15 16 20 22 23 24
k 1 5 6 9 11 12 13 16 19 21 25
l 1 6 11 16 21 22 23 24 25
m 1 5 6 7 9 10 11 13 15 16 20 21 25
n 1 5 6 7 10 11 13 15 16 19 20 21 25
o 1 2 3 4 5 6 10 11 15 16 20 21 22 23 24 25
p 1 2 3 4 5 6 10 11 12 13 14 15 16 21
q 2 3 4 6 10 11 15 17 18 19 24 25
r 1 2 3 4 6 10 11 12 13 14 16 20 21 25
s 2 3 4 5 6 12 13 14 20 21 22 23 24
t 1 2 3 4 5 8 13 18 23
u 1 5 6 10 11 15 16 20 22 23 24
v 1 5 6 10 11 15 17 19 23
w 1 5 6 10 11 13 15 16 17 19 20 21 25
x 1 5 7 9 13 17 19 21 25
y 1 5 7 9 13 18 23
z 1 2 3 4 5 9 13 17 21 22 23 24 25
